%YAML:1.0

# output directory
output_dir: "/home/yingfu/VIO/LARVIO/larvio_results/"

# switches
if_FEJ: 1    # 0(false) or 1(true)
estimate_extrin: 1    # 0(false) or 1(true)
estimate_td: 1    # 0(false) or 1(true)
calib_imu_instrinsic: 1    # 0(false) or 1(true)

# camera instrinsic
camera_model: "pinhole"       # only support "pinhole"
distortion_model: "equidistant"    # only support "radtan" and "equidistant"
resolution_width: 640
resolution_height: 480
intrinsics:
   # fx: 275.460
   # fy: 274.995
   # cx: 315.958
   # cy: 242.712
   fx: 275.46015578667294
   fy: 274.9948095922592
   cx: 315.958384100568
   cy: 242.7123497822731
distortion_coeffs:
   k1: -6.545154718304953e-06
   k2: -0.010379525898159981
   k3: 0.014935312423953146
   k4: -0.005639061406567785
   # k1: -6.54515472e-06
   # k2: -0.01037953
   # k3: 0.01493531
   # k4: -0.00563906

# imu-camera extrinsic, including spacial and temporal parameters
T_cam_imu: !!opencv-matrix
   rows: 4
   cols: 4
   dt: d
   data:
         [-0.027256691772188965, -0.9996260641688061, 0.0021919370477445077, 0.02422852666805565,
         -0.7139206120417471, 0.017931469899155242, -0.6999970157716363, 0.008974432843748055,
         0.6996959571525168, -0.020644471939022302, -0.714142404092339, -0.000638971731537894,
         0.0, 0.0, 0.0, 1.0]

td: -0.014848888

# TODO: if calibrate camera instrinsic online

# visual front-end parameters
pyramid_levels: 2
patch_size: 15
fast_threshold: 30
max_iteration: 30
track_precision: 0.01
ransac_threshold: 1
max_features_num: 250
min_distance: 15
flag_equalize: 1    # 0(false) or 1(true)
pub_frequency: 35

# window size
sw_size: 10

# online reset thresholds
position_std_threshold: 8.0
rotation_threshold: 0.2618
translation_threshold: 0.4
tracking_rate_threshold: 0.5

# feature triangulation parameters
least_observation_number: 3
max_track_len: 10
feature_translation_threshold: -1.0

# imu and camera measurement noise parameters (standard deviation according to line 97 larvio.cpp)
# noise_gyro: 1.1180
# noise_acc: 2.2360
# noise_gyro_bias: 8.9e-04
# noise_acc_bias: 0.0447

noise_gyro: 0.004
noise_acc: 0.08
noise_gyro_bias: 2.0e-06 
noise_acc_bias: 4.0e-05 

noise_feature: 0.008

# acc_n: 2.236067977          # accelerometer measurement noise standard deviation. 
# gyr_n: 1.118033989         # gyroscope measurement noise standard deviation.     
# acc_w: 0.04472136        # accelerometer bias random work noise standard deviation.  
# gyr_w: 8.94427e-04      # gyroscope bias random work noise standard deviation. 

# filter intial covariance
initial_covariance_orientation: 4e-4
initial_covariance_velocity: 0.25
initial_covariance_position: 1.0
initial_covariance_gyro_bias: 4e-4
initial_covariance_acc_bias: 0.01
initial_covariance_extrin_rot: 3.0462e-8
initial_covariance_extrin_trans: 9e-8

# fej settings
reset_fej_threshold: 10.11

# zupt settings
if_ZUPT_valid: 1    # 0(false) or 1(true)
zupt_max_feature_dis: 2e-3
zupt_noise_v: 1e-2    # std
zupt_noise_p: 1e-2
zupt_noise_q: 3.4e-2

# static initialization setting
static_duration: 1.0

# measurement rate
imu_rate: 500
img_rate: 30

# augmented feature state settings
max_features_in_one_grid: 1     # pure msckf if set to 0
aug_grid_rows: 6
aug_grid_cols: 8
feature_idp_dim: 1              # 1 or 3

# if apply Schmidt filter
use_schmidt: 0    # 0(false) or 1(true)